1 ;; 2
2 ;; 6
1 ;; 2
2 ;; 6
3 ;; 10
4 ;; 14
5 ;; 18
6 ;; 22
7 ;; 26
8 ;; 30
9 ;; 34
10 ;; 38
11 ;; 42
12 ;; 46
1 ;; 2
2 ;; 6
3 ;; 10
4 ;; 14
1 ; -37.0 ; -44.0
2 ; -37.0 ; -44.5
3 ; -37.0 ; -44.5
4 ; -37.0 ; -44.5
5 ; -37.0 ; -44.5
6 ; -37.5 ; -44.5
7 ; -37.0 ; -44.5
8 ; -37.0 ; -44.5
9 ; -36.5 ; -44.5
10 ; -37.0 ; -44.5
11 ; -37.5 ; -44.5
12 ; -37.5 ; -44.5
13 ; -37.5 ; -44.5
14 ; -37.5 ; -44.5
15 ; -37.5 ; -44.5
16 ; -38.5 ; -44.5
17 ; -37.5 ; -44.5
18 ; -37.5 ; -44.5
19 ; -37.5 ; -44.5
20 ; -37.0 ; -44.5
21 ; -37.0 ; -44.5
22 ; -37.5 ; -44.5
23 ; -37.0 ; -44.5
24 ;; 3
25 ; -37.5 ; -44.5
26 ; -37.5 ; -44.5
27 ;; 5
28 ; -37.5 ; -44.5
29 ; -37.0 ; -44.5
30 ;; 7
31 ; -37.5 ; -44.5
32 ; -37.5 ; -44.5
33 ;; 9
34 ; -37.5 ; -44.5
35 ;; 11
36 ; -37.5 ; -44.5
37 ; -37.0 ; -44.5
38 ;; 13
39 ; -37.5 ; -44.5
40 ;; 15
41 ; -37.5 ; -44.5
42 ;; 17
43 ; -37.0 ; -44.5
44 ;; 19
45 ; -37.5 ; -44.5
46 ;; 21
47 ; -37.5 ; -44.5
48 ;; 23
49 ; -37.5 ; -44.5
50 ;; 25
51 ; -37.5 ; -44.5
52 ;; 27
53 ; -37.5 ; -44.5
54 ;; 29
55 ; -37.5 ; -44.5
56 ;; 31
57 ; -37.5 ; -44.5
58 ;; 33
59 ; -37.0 ; -44.5
60 ;; 35
61 ; -37.5 ; -44.5
62 ;; 37
63 ; -37.0 ; -44.5
64 ;; 39
65 ; -37.0 ; -44.5
66 ;; 41
67 ; -37.0 ; -44.5
68 ;; 43
69 ; -37.5 ; -44.5
70 ;; 45
71 ; -37.5 ; -44.5
72 ;; 47
73 ; -37.5 ; -44.5
74 ;; 49
75 ; -37.5 ; -44.5
76 ; -37.5 ; -44.5
77 ; -37.5 ; -44.5
78 ; -37.5 ; -44.5
79 ; -37.5 ; -44.5
80 ; -37.5 ; -44.5
81 ; -37.5 ; -44.5
82 ; -37.0 ; -44.5
83 ; -37.5 ; -44.5
84 ; -37.5 ; -44.5
85 ; -37.5 ; -44.5
86 ; -37.5 ; -44.5
87 ; -37.5 ; -44.5
88 ; -37.5 ; -44.5
89 ; -37.5 ; -44.5
90 ; -37.5 ; -44.5
91 ; -37.5 ; -44.5
92 ; -37.5 ; -44.5
93 ; -37.5 ; -44.5
94 ; -37.5 ; -44.5
95 ; -37.5 ; -44.5
96 ; -37.5 ; -44.5
97 ; -37.5 ; -44.5
98 ; -37.5 ; -44.5
99 ; -37.5 ; -44.5
100 ; -37.5 ; -44.5
101 ; -37.5 ; -44.5
102 ; -37.5 ; -44.5
103 ; -37.5 ; -44.5
104 ; -37.5 ; -44.5
105 ; -37.5 ; -44.5
106 ; -37.5 ; -44.5
107 ; -37.5 ; -44.5
108 ; -37.5 ; -44.5
109 ; -37.5 ; -44.5
110 ; -37.5 ; -45.0
111 ; -37.5 ; -45.0
112 ; -37.5 ; -45.0
113 ; -37.5 ; -44.5
114 ; -37.5 ; -45.0
115 ; -37.5 ; -45.0
116 ; -37.5 ; -45.0
117 ; -37.5 ; -45.0
118 ; -37.5 ; -45.0
119 ; -37.5 ; -45.0
120 ; -37.5 ; -45.0
121 ; -37.5 ; -44.5
122 ; -37.0 ; -44.5
123 ; -37.5 ; -44.5
124 ; -37.5 ; -44.5
125 ; -37.5 ; -44.5
126 ; -37.5 ; -44.5
127 ; -37.5 ; -44.5
128 ; -37.5 ; -44.5
129 ; -37.0 ; -44.5
130 ; -37.5 ; -44.5
131 ; -37.5 ; -44.5
132 ; -37.5 ; -44.5
133 ;; 63
134 ;; 65
135 ; -37.5 ; -44.5
136 ;; 67
137 ; -37.5 ; -44.5
138 ;; 69
139 ; -37.5 ; -44.5
140 ; -37.5 ; -44.5
141 ; -37.5 ; -44.5
142 ; -37.0 ; -44.5
143 ; -37.5 ; -44.5
144 ; -37.5 ; -44.5
145 ; -37.5 ; -44.5
146 ; -37.5 ; -44.5
147 ; -37.5 ; -44.5
148 ; -38.0 ; -44.5
149 ; -37.5 ; -44.5
150 ; -37.5 ; -44.5
151 ; -37.5 ; -44.5
152 ; -37.5 ; -44.5
153 ; -37.5 ; -44.5
154 ; -37.5 ; -44.5
155 ; -37.5 ; -44.5
156 ; -37.5 ; -44.5
157 ; -37.5 ; -44.5
158 ; -37.5 ; -44.5
159 ; -37.5 ; -44.5
160 ; -37.5 ; -44.5
161 ; -37.5 ; -44.5
162 ; -37.5 ; -44.5
163 ; -37.5 ; -44.5
164 ; -37.5 ; -44.5
165 ; -37.5 ; -44.5
166 ; -37.5 ; -44.5
167 ; -38.0 ; -45.0
168 ; -37.5 ; -44.5
169 ; -37.5 ; -44.5
170 ; -37.5 ; -44.5
171 ; -37.5 ; -44.5
172 ; -37.5 ; -44.5
173 ; -37.5 ; -44.5
174 ; -37.5 ; -44.5
175 ; -37.5 ; -44.5
176 ; -38.0 ; -44.5
177 ; -37.5 ; -44.5
178 ; -38.0 ; -44.5
179 ; -37.5 ; -44.5
180 ; -38.0 ; -44.5
181 ; -37.5 ; -44.5
182 ; -37.5 ; -44.5
183 ; -37.5 ; -44.5
184 ; -37.5 ; -44.5
185 ; -38.0 ; -44.5
186 ; -37.5 ; -44.5
187 ; -37.5 ; -44.5
188 ; -37.5 ; -44.5
189 ; -37.5 ; -44.5
190 ; -37.5 ; -44.5
191 ; -37.5 ; -44.5
192 ; -37.5 ; -44.5
193 ; -37.5 ; -44.5
194 ; -37.5 ; -44.5
195 ; -37.5 ; -44.5
196 ; -37.5 ; -44.5
197 ; -37.5 ; -44.5
198 ; -37.5 ; -44.5
199 ; -37.5 ; -44.5
200 ; -38.0 ; -44.5
201 ; -37.5 ; -44.5
202 ; -37.5 ; -44.5
203 ; -37.5 ; -44.5
204 ; -37.5 ; -44.5
205 ; -37.5 ; -44.5
206 ; -37.5 ; -44.5
207 ; -38.0 ; -44.5
208 ; -38.0 ; -44.5
209 ; -37.5 ; -44.5
210 ; -37.5 ; -44.5
211 ; -37.5 ; -44.5
212 ; -37.5 ; -44.5
213 ; -37.5 ; -44.5
214 ; -37.5 ; -44.5
215 ; -37.5 ; -44.5
216 ; -37.5 ; -44.5
217 ; -37.5 ; -44.5
218 ; -37.5 ; -44.5
219 ; -37.5 ; -44.5
220 ; -37.5 ; -44.5
221 ; -37.5 ; -44.5
222 ; -37.5 ; -44.5
223 ; -37.5 ; -44.0
