1 ;; 1
2 ; -34.5 ; -35.5
3 ; -37.5 ; -40.0
4 ; -32.5 ; -37.5
5 ; -32.5 ; -37.0
6 ; -43.5 ; -53.0
7 ; -41.0 ; -45.5
8 ; -32.5 ; -37.5
9 ; -36.0 ; -42.5
10 ; -35.5 ; -38.5
11 ; -37.0 ; -38.5
12 ; -33.0 ; -36.5
13 ; -34.0 ; -39.5
14 ; -35.5 ; -38.5
15 ; -38.0 ; -48.5
16 ; -34.5 ; -41.0
17 ; -32.5 ; -40.0
18 ; -35.0 ; -38.5
19 ; -34.0 ; -41.0
20 ; -37.0 ; -38.5
21 ; -34.5 ; -38.5
22 ; -35.0 ; -39.0
23 ; -35.5 ; -38.5
24 ;; 2
25 ; -34.0 ; -38.0
26 ; -33.5 ; -37.5
27 ;; 4
28 ; -35.5 ; -39.5
29 ; -33.5 ; -38.0
30 ;; 6
31 ; -34.0 ; -38.5
32 ; -34.0 ; -38.0
33 ;; 8
34 ; -35.0 ; -39.5
35 ;; 10
36 ; -34.0 ; -38.5
37 ; -36.5 ; -38.5
38 ;; 12
39 ; -34.0 ; -38.5
40 ;; 14
41 ; -35.5 ; -39.5
42 ;; 16
43 ; -35.5 ; -40.5
44 ;; 18
45 ; -35.5 ; -38.5
46 ;; 20
47 ; -34.0 ; -38.5
48 ;; 22
49 ; -34.0 ; -38.5
50 ;; 24
51 ; -33.5 ; -38.0
52 ;; 26
53 ; -36.5 ; -39.0
54 ;; 28
55 ; -37.0 ; -40.0
56 ;; 30
57 ; -32.5 ; -45.0
58 ;; 32
59 ; -34.5 ; -39.0
60 ;; 34
61 ; -37.0 ; -42.0
62 ;; 36
63 ; -36.0 ; -38.5
64 ;; 38
65 ; -37.5 ; -40.0
66 ;; 40
67 ; -35.5 ; -42.5
68 ;; 42
69 ; -35.0 ; -39.0
70 ;; 44
71 ; -39.0 ; -38.0
72 ;; 46
73 ; -40.5 ; -43.5
74 ;; 48
75 ; -38.5 ; -43.0
76 ; -37.5 ; -42.0
77 ; -38.5 ; -42.5
78 ; -38.0 ; -41.5
79 ; -39.0 ; -43.5
80 ; -38.5 ; -43.0
81 ; -38.0 ; -43.5
82 ; -39.0 ; -38.0
83 ; -36.5 ; -39.5
84 ; -35.5 ; -40.0
85 ; -36.0 ; -40.5
86 ; -36.0 ; -40.5
87 ; -35.0 ; -39.0
88 ; -35.5 ; -39.0
89 ;; 50
90 ; -37.5 ; -44.5
91 ; -35.0 ; -41.0
92 ; -37.0 ; -41.5
93 ;; 51
94 ; -38.0 ; -41.5
95 ; -37.5 ; -41.5
96 ;; 52
97 ; -36.0 ; -40.0
98 ; -36.5 ; -41.0
99 ; -36.5 ; -41.0
100 ; -35.0 ; -38.5
101 ; -34.5 ; -38.5
102 ; -36.0 ; -39.0
103 ; -34.0 ; -39.0
104 ;; 53
105 ; -35.0 ; -38.5
106 ; -34.0 ; -37.5
107 ; -34.0 ; -38.5
108 ; -35.0 ; -39.0
109 ;; 54
110 ; -34.0 ; -39.0
111 ;; 55
112 ; -34.0 ; -38.5
113 ; -36.5 ; -42.0
114 ; -37.5 ; -42.5
115 ;; 56
116 ; -36.0 ; -40.5
117 ;; 57
118 ; -35.0 ; -40.0
119 ; -35.5 ; -39.5
120 ; -36.0 ; -39.5
121 ; -35.5 ; -39.5
122 ; -35.0 ; -38.5
123 ; -35.5 ; -40.0
124 ; -34.5 ; -39.0
125 ;; 58
126 ;; 59
127 ; -34.0 ; -38.0
128 ; -35.0 ; -38.5
129 ;; 60
130 ; -37.5 ; -41.5
131 ; -34.0 ; -38.5
132 ;; 61
133 ;; 62
134 ;; 64
135 ; -34.0 ; -39.0
136 ;; 66
137 ; -35.0 ; -38.5
138 ;; 68
139 ; -34.5 ; -38.5
140 ; -35.0 ; -39.0
141 ; -35.0 ; -38.5
142 ; -34.5 ; -38.5
143 ; -34.5 ; -38.5
144 ; -34.5 ; -38.5
145 ; -34.5 ; -38.5
146 ; -34.5 ; -38.5
147 ; -34.5 ; -40.0
148 ; -34.5 ; -38.5
149 ; -35.5 ; -39.0
150 ; -35.5 ; -38.5
151 ; -34.0 ; -38.5
152 ; -34.5 ; -39.0
153 ;; 70
154 ; -35.0 ; -38.5
155 ; -35.0 ; -39.0
156 ; -34.0 ; -39.5
157 ; -36.0 ; -38.5
158 ; -36.0 ; -39.0
159 ; -34.5 ; -39.0
160 ; -35.0 ; -39.0
161 ; -35.0 ; -38.5
162 ; -35.0 ; -39.0
163 ; -34.5 ; -38.5
164 ; -35.0 ; -38.5
165 ; -35.0 ; -38.5
166 ; -34.5 ; -38.5
167 ; -35.0 ; -39.5
168 ; -35.0 ; -38.5
169 ; -35.0 ; -38.5
170 ; -35.0 ; -38.5
171 ; -34.5 ; -38.5
172 ; -34.5 ; -39.0
173 ; -34.5 ; -38.5
174 ; -34.0 ; -38.5
175 ; -34.0 ; -38.5
176 ; -34.5 ; -39.0
177 ; -35.0 ; -38.5
178 ; -35.0 ; -39.0
179 ; -35.0 ; -38.5
180 ; -36.0 ; -39.5
181 ; -35.5 ; -39.0
182 ; -34.5 ; -38.5
183 ; -35.0 ; -39.0
184 ; -35.0 ; -39.0
185 ; -37.0 ; -42.0
186 ; -35.5 ; -39.5
187 ; -36.0 ; -40.0
188 ; -36.0 ; -40.0
189 ; -36.0 ; -40.0
190 ; -37.0 ; -40.0
191 ; -35.5 ; -40.0
192 ; -36.0 ; -40.0
193 ; -35.5 ; -39.5
194 ; -36.5 ; -39.5
195 ; -36.5 ; -40.5
196 ; -35.0 ; -39.5
197 ; -36.5 ; -40.0
198 ; -35.5 ; -39.5
199 ; -36.0 ; -41.0
200 ; -35.5 ; -39.0
201 ; -36.0 ; -40.5
202 ; -34.0 ; -39.0
203 ; -34.5 ; -38.5
204 ; -34.5 ; -38.5
205 ; -35.0 ; -38.5
206 ; -34.5 ; -38.5
207 ; -36.0 ; -40.0
208 ; -35.0 ; -39.0
209 ; -34.5 ; -39.0
210 ; -34.5 ; -39.0
211 ; -35.5 ; -39.0
212 ; -35.0 ; -39.0
213 ; -35.0 ; -39.0
214 ; -35.0 ; -39.0
215 ; -37.0 ; -41.5
216 ; -36.5 ; -38.5
217 ; -32.5 ; -37.0
218 ; -32.5 ; -36.5
219 ; -32.5 ; -37.0
220 ; -32.5 ; -37.5
221 ; -33.5 ; -38.0
222 ; -33.5 ; -38.0
223 ; -34.5 ; -37.5
